0 -0.437891
0.0606061 -0.341679
0.121212 -0.233875
0.181818 -0.117624
0.242424 0.00320546
0.30303 0.124368
0.363636 0.241619
0.424242 0.351106
0.484848 0.449702
0.545455 0.535276
0.606061 0.606844
0.666667 0.664607
0.727273 0.709856
0.787879 0.744773
0.848485 0.772135
0.909091 0.79498
0.969697 0.816237
1.0303 0.838405
1.09091 0.863283
1.15152 0.891793
1.21212 0.923911
1.27273 0.958717
1.33333 0.994539
1.39394 1.02918
1.45455 1.06022
1.51515 1.08528
1.57576 1.10234
1.63636 1.10994
1.69697 1.10737
1.75758 1.09467
1.81818 1.07268
1.87879 1.04284
1.93939 1.00708
2 0.96753
2.06061 0.926296
2.12121 0.88525
2.18182 0.84583
2.24242 0.808926
2.30303 0.774832
2.36364 0.743275
2.42424 0.713511
2.48485 0.68447
2.54545 0.654928
2.60606 0.623685
2.66667 0.589721
2.72727 0.552319
2.78788 0.51113
2.84848 0.466185
2.90909 0.417854
2.9697 0.366757
3.0303 0.313653
3.09091 0.259319
3.15152 0.204432
3.21212 0.14949
3.27273 0.0947626
3.33333 0.0402857
3.39394 -0.0140962
3.45455 -0.0686588
3.51515 -0.123703
3.57576 -0.179457
3.63636 -0.23599
3.69697 -0.293152
3.75758 -0.350553
3.81818 -0.407582
3.87879 -0.46347
3.93939 -0.517376
4 -0.5685
4.06061 -0.61619
4.12121 -0.660032
4.18182 -0.699915
4.24242 -0.736042
4.30303 -0.768898
4.36364 -0.799175
4.42424 -0.827655
4.48485 -0.855074
4.54545 -0.881984
4.60606 -0.908636
4.66667 -0.934901
4.72727 -0.960238
4.78788 -0.983733
4.84848 -1.00419
4.90909 -1.02026
4.9697 -1.03065
5.0303 -1.03427
5.09091 -1.03046
5.15152 -1.01906
5.21212 -1.00054
5.27273 -0.97595
5.33333 -0.946881
5.39394 -0.915275
5.45455 -0.883216
5.51515 -0.852675
5.57576 -0.825249
5.63636 -0.801929
5.69697 -0.782916
5.75758 -0.767539
5.81818 -0.754249
5.87879 -0.740742
5.93939 -0.724156
6 -0.701365
