0 -1.7523
0.0606061 -1.74244
0.121212 -1.6419
0.181818 -1.45609
0.242424 -1.1965
0.30303 -0.879393
0.363636 -0.524236
0.424242 -0.151763
0.484848 0.217886
0.545455 0.566874
0.606061 0.881004
0.666667 1.15058
0.727273 1.37071
0.787879 1.5411
0.848485 1.66526
0.909091 1.74953
0.969697 1.80171
1.0303 1.82978
1.09091 1.84071
1.15152 1.83955
1.21212 1.82894
1.27273 1.80897
1.33333 1.77752
1.39394 1.73091
1.45455 1.66478
1.51515 1.57515
1.57576 1.45932
1.63636 1.31669
1.69697 1.14924
1.75758 0.961656
1.81818 0.761148
1.87879 0.556837
1.93939 0.358945
2 0.177806
2.06061 0.0228527
2.12121 -0.0982894
2.18182 -0.180503
2.24242 -0.22158
2.30303 -0.222297
2.36364 -0.18615
2.42424 -0.118821
2.48485 -0.0274332
2.54545 0.0802755
2.60606 0.196768
2.66667 0.315391
2.72727 0.430855
2.78788 0.539445
2.84848 0.638974
2.90909 0.728482
2.9697 0.807767
3.0303 0.876823
3.09091 0.935291
3.15152 0.98202
3.21212 1.01481
3.27273 1.0304
3.33333 1.02468
3.39394 0.993197
3.45455 0.931716
3.51515 0.836946
3.57576 0.707193
3.63636 0.542888
3.69697 0.346902
3.75758 0.124569
3.81818 -0.116574
3.87879 -0.367344
3.93939 -0.617677
4 -0.857531
4.06061 -1.0778
4.12121 -1.27111
4.18182 -1.43247
4.24242 -1.55952
4.30303 -1.65257
4.36364 -1.71422
4.42424 -1.74873
4.48485 -1.76122
4.54545 -1.75672
4.60606 -1.73934
4.66667 -1.7116
4.72727 -1.674
4.78788 -1.625
4.84848 -1.56133
4.90909 -1.47869
4.9697 -1.37262
5.0303 -1.23962
5.09091 -1.07818
5.15152 -0.889644
5.21212 -0.678868
5.27273 -0.454328
5.33333 -0.227841
5.39394 -0.0137846
5.45455 0.17211
5.51515 0.314263
5.57576 0.3989
5.63636 0.415657
5.69697 0.358969
5.75758 0.229041
5.81818 0.0322876
5.87879 -0.218837
5.93939 -0.50663
6 -0.809491
