0 -0.717435
0.0606061 -0.674135
0.121212 -0.630542
0.181818 -0.587424
0.242424 -0.545507
0.30303 -0.505451
0.363636 -0.467833
0.424242 -0.433135
0.484848 -0.40174
0.545455 -0.373925
0.606061 -0.349873
0.666667 -0.329678
0.727273 -0.313357
0.787879 -0.300872
0.848485 -0.29214
0.909091 -0.287052
0.969697 -0.285496
1.0303 -0.287362
1.09091 -0.292557
1.15152 -0.301013
1.21212 -0.312687
1.27273 -0.327557
1.33333 -0.345619
1.39394 -0.366875
1.45455 -0.391316
1.51515 -0.41891
1.57576 -0.449584
1.63636 -0.483207
1.69697 -0.519573
1.75758 -0.558396
1.81818 -0.599296
1.87879 -0.641799
1.93939 -0.685342
2 -0.729276
2.06061 -0.772888
2.12121 -0.815416
2.18182 -0.856073
2.24242 -0.894077
2.30303 -0.928679
2.36364 -0.959192
2.42424 -0.985024
2.48485 -1.0057
2.54545 -1.02088
2.60606 -1.0304
2.66667 -1.03423
2.72727 -1.03256
2.78788 -1.02569
2.84848 -1.01413
2.90909 -0.998477
2.9697 -0.979478
3.0303 -0.957943
3.09091 -0.934733
3.15152 -0.910727
3.21212 -0.886776
3.27273 -0.863681
3.33333 -0.842154
3.39394 -0.822794
3.45455 -0.806073
3.51515 -0.792315
3.57576 -0.781695
3.63636 -0.774243
3.69697 -0.769849
3.75758 -0.768283
3.81818 -0.769215
3.87879 -0.772241
3.93939 -0.776912
4 -0.782765
4.06061 -0.789351
4.12121 -0.796261
4.18182 -0.803151
4.24242 -0.809757
4.30303 -0.815911
4.36364 -0.821542
4.42424 -0.826675
4.48485 -0.831426
4.54545 -0.835984
4.60606 -0.840592
4.66667 -0.845524
4.72727 -0.85106
4.78788 -0.857459
4.84848 -0.864933
4.90909 -0.873621
4.9697 -0.883575
5.0303 -0.894742
5.09091 -0.906956
5.15152 -0.919938
5.21212 -0.933298
5.27273 -0.946554
5.33333 -0.95914
5.39394 -0.970438
5.45455 -0.979801
5.51515 -0.986584
5.57576 -0.990173
5.63636 -0.990017
5.69697 -0.985654
5.75758 -0.976736
5.81818 -0.963048
5.87879 -0.944516
5.93939 -0.921222
6 -0.893394
